x0: [0, 0, -1,   # POS
     1, 0, 0, 0, # ATT
     0, 0, 0,    # VEL 
     0, 0, 0,    # OMEGA 
     0, 0, 0]    # ACC

P0_diag: [0.000001, 0.000001, 0.000001, # POS
          0.000001, 0.000001, 0.000001, # ATT
          0.000001, 0.000001, 0.000001, # VEL 
          0.000001, 0.000001, 0.000001, # OMEGA 
          0.000001, 0.000001, 0.000001] # ACC

Qx_diag: [0.000001, 0.000001, 0.000001, # POS
          0.000001, 0.000001, 0.000001, # ATT
          0.000001, 0.000001, 0.000001, # VEL 
          0.000001, 0.000001, 0.000001, # OMEGA 
          0.000001, 0.000001, 0.000001] # ACC

Qu_diag: [0.01, 0.01, 0.01, # OMEGA 
          0.25, 0.25, 0.25] # ACC

lambda: [1, 1, 1, # POS
         1, 1, 1, # ATT
         1, 1, 1, # VEL 
         1, 1, 1, # OMEGA 
         1, 1, 1] # ACC

camera_matrix: [480,   0, 320,
                  0, 480, 240,
                  0,   0,   1]
q_bc: [0.5, 0.5, 0.5, 0.5]
p_bc: [0, 0, 0]

pixel_disparity_threshold: 30
